1120140302    574269
1120140304    Zc7NFCRZ
1120140305    727396
1120140306    858901
1120140307    lxw19960305
1120140308    728728
1120140309    950828
1120140310    520249
1120140311    235711
1120140312    I02SzjD5
1120140313    SPJiJgfK
1120140314    941101
1120140315    207022
1120140316    Thr124944
1120140317    5796588
1120140318    970625
1120140319    112358
1120140320    5gAdEUgd
1120140321    zLkqxLP3
1120140322    080701
1120140323    IFUCKyou6
1120140324    1120140324
1120140325    499670
1120140326    dTgU3IAN
1120140327    10189697
1120140328    15624950328
1120140329    618618
1120140330    xuwen2004
1120140331    CdJ3GAew
1120140332    0332LIAOPJ
1120140333    lxy520love
1120140334    110796187
1120140335    270038
1120140336    960403
1120140337    024528
1120140338    u5BbPJ7L
1120140339    199696
1120140340    822424
1120140341    135135
1120140342    5Tp7pDwq
1120140343    QnGmkFCu
1120140344    sbzf1996
1120140345    942647zs
1120140346    0mBcyjW
1120140347    19960910
1120140348    KA4ezqb8
1120140349    731101
1120140350    951219
1120140351    108108
1120140352    UomCjZlp
1120140353    LCjjf7C4
1120140354    du8tInQd
1120140355    960430
1120140356    0VkW4uQK
1120140357    5fuN0OTB
1120140358    6WcO59R9
1120140359    199511
1120140360    qmyXYyfjWD
1120140361    000000
1120140362    4pA7xfvQ
1120140363    LgQeT6eI
1120140364    No6XichengAve
1120140365    960803
1120140366    stwt2507
1120140367    QYD545215802
1120140368    199512
1120140369    SxZ2RdoE
1120140370    523909
1120140371    2326021207
1120140372    xcyhyq
1120140373    961218
1120140374    D2A5M1wC
1120140375    vkxBkjIm
1120140376    caililai0914
1120140377    dFbGiaU2
1120140378    AgkfDpZp
1120140379    aixue520
1120140380    960316
1120140381    5455496
1120140382    R1qnir22
1120140383    616228
1120140385    lwx19960909
1120140387    zs76606
1120140388    950804
1120140389    1996506
1120140390    ySeDKOGS
1120140391    970614
1120140392    873856
1120140393    eptIJNu7
1120140394    94Hxib26
1120140395    960629
1120140396    966967
1120140397    199612
1120140398    950630
1120140399    951223